1.335000000000000000e+10 4.000000000000000000e+05 1.500000000000000000e+03
1.390705263157894707e+10 4.147368421052631456e+05 1.504179572428129404e+03
1.446410526315789413e+10 4.294736842105262913e+05 1.508306076661256611e+03
1.502115789473684311e+10 4.442105263157894951e+05 1.512380950195059768e+03
1.557821052631579018e+10 4.589473684210526408e+05 1.516405531161764884e+03
1.613526315789473724e+10 4.736842105263157864e+05 1.520381089245097201e+03
1.669231578947368431e+10 4.884210526315789321e+05 1.524308858493995103e+03
1.725347368421052933e+10 5.031578947368421359e+05 1.528218458211483494e+03
1.782968421052631760e+10 5.178947368421052815e+05 1.532184944337398292e+03
1.840589473684210587e+10 5.326315789473684272e+05 1.536104011475837751e+03
1.898210526315789413e+10 5.473684210526315728e+05 1.539976831363219162e+03
1.955831578947368240e+10 5.621052631578947185e+05 1.543804521672204828e+03
2.013452631578947067e+10 5.768421052631578641e+05 1.547588169185159131e+03
2.071073684210526657e+10 5.915789473684211262e+05 1.551328817746419872e+03
2.129082706766917419e+10 6.063157894736842718e+05 1.555052238369315091e+03
2.187609022556391144e+10 6.210526315789474174e+05 1.558766737826567805e+03
2.246165563909774399e+10 6.357894736842105631e+05 1.562441791209517532e+03
2.305256090225563812e+10 6.505263157894737087e+05 1.566109377394304374e+03
2.364346616541353607e+10 6.652631578947368544e+05 1.569736736028942232e+03
2.427421960784313583e+10 6.800000000000000000e+05 1.573565342083052201e+03
