0.000000000000000000e+00 0.000000000000000000e+00 1.300000000000000000e+03
2.153989316239316165e+08 1.025641025641025590e+04 1.302711745999484720e+03
4.935875613747953773e+08 2.051282051282051179e+04 1.306157463786104245e+03
8.164443786982247829e+08 3.076923076923076587e+04 1.310080102955306756e+03
1.158012820512820482e+09 4.102564102564102359e+04 1.314144995757544848e+03
1.499141025641025543e+09 5.128205128205128131e+04 1.318121561782356366e+03
1.840238461538461208e+09 6.153846153846153175e+04 1.322018650899152590e+03
2.181161538461538315e+09 7.179487179487179674e+04 1.325838259313282606e+03
2.522608791208791256e+09 8.205128205128204718e+04 1.329591390468300688e+03
2.862652747252747059e+09 9.230769230769229762e+04 1.333260153301245282e+03
3.202696703296703339e+09 1.025641025641025626e+05 1.336862898862218572e+03
3.542740659340659142e+09 1.128205128205128131e+05 1.340402210260834408e+03
3.883846153846153259e+09 1.230769230769230635e+05 1.343891256052648941e+03
4.225238095238094330e+09 1.333333333333333139e+05 1.347324015674339535e+03
4.566630036630036354e+09 1.435897435897435935e+05 1.350699671284755141e+03
4.908021978021978378e+09 1.538461538461538439e+05 1.354020219151759193e+03
5.249413919413919449e+09 1.641025641025640944e+05 1.357287540662736319e+03
5.590805860805860519e+09 1.743589743589743448e+05 1.360503409449132050e+03
5.932197802197801590e+09 1.846153846153845952e+05 1.363669498894212893e+03
6.273589743589743614e+09 1.948717948717948748e+05 1.366787392381742393e+03
6.614981684981684685e+09 2.051282051282051252e+05 1.369858589508168961e+03
6.956373626373625755e+09 2.153846153846153757e+05 1.372884511420013268e+03
7.303675213675212860e+09 2.256410256410256261e+05 1.375917750475577350e+03
7.655811965811964989e+09 2.358974358974358765e+05 1.378948198032093842e+03
8.007948717948717117e+09 2.461538461538461270e+05 1.381934645045846310e+03
8.360085470085470200e+09 2.564102564102564065e+05 1.384878369551980313e+03
8.712222222222221375e+09 2.666666666666666279e+05 1.387780588808315770e+03
9.064358974358974457e+09 2.769230769230769365e+05 1.390642461913202851e+03
9.416495726495727539e+09 2.871794871794871869e+05 1.393465099506100387e+03
9.768632478632478714e+09 2.974358974358974374e+05 1.396249560095905736e+03
1.012076923076922989e+10 3.076923076923076878e+05 1.398996857870309441e+03
1.047820512820512772e+10 3.179487179487179383e+05 1.401748491512744295e+03
1.083717948717948723e+10 3.282051282051281887e+05 1.404475418806692915e+03
1.119615384615384483e+10 3.384615384615384392e+05 1.407166662334500415e+03
1.155512820512820435e+10 3.487179487179486896e+05 1.409823128054258177e+03
1.191410256410256195e+10 3.589743589743589400e+05 1.412445685867272005e+03
1.227307692307692146e+10 3.692307692307691905e+05 1.415035171926947442e+03
1.263205128205128098e+10 3.794871794871794409e+05 1.417592388205435554e+03
1.299102564102564049e+10 3.897435897435897496e+05 1.420118108309640093e+03
1.335000000000000000e+10 4.000000000000000000e+05 1.422613078232325279e+03
